days_since_signed,n,treaty,total_countries
0,0,Paris,0
132,15,Paris,15
139,1,Paris,16
160,1,Paris,17
191,1,Paris,18
200,1,Paris,19
226,1,Paris,20
230,1,Paris,21
233,1,Paris,22
254,1,Paris,23
264,1,Paris,24
266,2,Paris,26
270,1,Paris,27
278,1,Paris,28
282,1,Paris,29
284,31,Paris,60
286,1,Paris,61
295,1,Paris,62
297,1,Paris,63
298,11,Paris,74
299,1,Paris,75
300,1,Paris,76
304,1,Paris,77
306,2,Paris,79
307,2,Paris,81
312,1,Paris,82
313,2,Paris,84
317,1,Paris,85
318,1,Paris,86
321,1,Paris,87
324,2,Paris,89
325,3,Paris,92
326,2,Paris,94
327,3,Paris,97
328,4,Paris,101
331,1,Paris,102
332,1,Paris,103
333,1,Paris,104
334,1,Paris,105
335,4,Paris,109
338,1,Paris,110
340,1,Paris,111
342,1,Paris,112
346,1,Paris,113
347,1,Paris,114
353,1,Paris,115
360,1,Paris,116
363,1,Paris,117
370,1,Paris,118
377,1,Paris,119
382,2,Paris,121
389,1,Paris,122
394,1,Paris,123
397,2,Paris,125
405,1,Paris,126
410,1,Paris,127
418,1,Paris,128
422,1,Paris,129
426,2,Paris,131
431,1,Paris,132
443,1,Paris,133
453,1,Paris,134
460,2,Paris,136
466,1,Paris,137
467,2,Paris,139
468,1,Paris,140
471,1,Paris,141
481,1,Paris,142
485,1,Paris,143
496,1,Paris,144
513,1,Paris,145
521,1,Paris,146
529,1,Paris,147
537,1,Paris,148
556,1,Paris,149
559,1,Paris,150
564,1,Paris,151
565,2,Paris,153
587,1,Paris,154
591,1,Paris,155
594,1,Paris,156
597,1,Paris,157
599,1,Paris,158
604,1,Paris,159
613,1,Paris,160
647,2,Paris,162
648,2,Paris,164
649,2,Paris,166
663,1,Paris,167
664,1,Paris,168
681,1,Paris,169
702,1,Paris,170
732,1,Paris,171
739,1,Paris,172
759,1,Paris,173
767,1,Paris,174
803,1,Paris,175
863,1,Paris,176
888,1,Paris,177
905,1,Paris,178
943,1,Paris,179
989,1,Paris,180
0,0,Kyoto,0
280,1,Kyoto,1
327,1,Kyoto,2
340,1,Kyoto,3
384,1,Kyoto,4
396,1,Kyoto,5
413,1,Kyoto,6
449,1,Kyoto,7
484,1,Kyoto,8
511,1,Kyoto,9
552,1,Kyoto,10
557,1,Kyoto,11
564,1,Kyoto,12
582,1,Kyoto,13
624,1,Kyoto,14
663,1,Kyoto,15
670,1,Kyoto,16
707,1,Kyoto,17
719,1,Kyoto,18
729,1,Kyoto,19
734,1,Kyoto,20
763,2,Kyoto,22
951,1,Kyoto,23
970,1,Kyoto,24
979,1,Kyoto,25
1000,1,Kyoto,26
1001,3,Kyoto,29
1022,1,Kyoto,30
1082,1,Kyoto,31
1152,1,Kyoto,32
1194,1,Kyoto,33
1245,1,Kyoto,34
1268,1,Kyoto,35
1314,1,Kyoto,36
1317,1,Kyoto,37
1344,1,Kyoto,38
1355,1,Kyoto,39
1387,1,Kyoto,40
1407,1,Kyoto,41
1411,1,Kyoto,42
1415,1,Kyoto,43
1431,1,Kyoto,44
1435,1,Kyoto,45
1450,1,Kyoto,46
1506,1,Kyoto,47
1524,1,Kyoto,48
1537,1,Kyoto,49
1552,1,Kyoto,50
1565,1,Kyoto,51
1568,2,Kyoto,53
1601,1,Kyoto,54
1624,1,Kyoto,55
1631,1,Kyoto,56
1632,16,Kyoto,72
1636,1,Kyoto,73
1667,1,Kyoto,74
1684,1,Kyoto,75
1693,1,Kyoto,76
1695,1,Kyoto,77
1699,1,Kyoto,78
1702,1,Kyoto,79
1708,1,Kyoto,80
1714,1,Kyoto,81
1715,1,Kyoto,82
1716,1,Kyoto,83
1719,4,Kyoto,87
1721,2,Kyoto,89
1723,1,Kyoto,90
1727,1,Kyoto,91
1728,1,Kyoto,92
1736,1,Kyoto,93
1749,1,Kyoto,94
1768,1,Kyoto,95
1790,1,Kyoto,96
1793,1,Kyoto,97
1828,1,Kyoto,98
1832,1,Kyoto,99
1834,1,Kyoto,100
1849,1,Kyoto,101
1863,1,Kyoto,102
1868,1,Kyoto,103
1883,1,Kyoto,104
1918,1,Kyoto,105
1958,1,Kyoto,106
1961,1,Kyoto,107
1979,1,Kyoto,108
1996,1,Kyoto,109
2036,1,Kyoto,110
2063,1,Kyoto,111
2066,1,Kyoto,112
2069,1,Kyoto,113
2071,1,Kyoto,114
2078,1,Kyoto,115
2093,1,Kyoto,116
2113,1,Kyoto,117
2115,1,Kyoto,118
2170,1,Kyoto,119
2286,1,Kyoto,120
2314,1,Kyoto,121
2395,1,Kyoto,122
2415,1,Kyoto,123
2470,1,Kyoto,124
2485,1,Kyoto,125
2518,1,Kyoto,126
2534,2,Kyoto,128
2549,2,Kyoto,130
2556,1,Kyoto,131
2577,1,Kyoto,132
2588,2,Kyoto,134
2589,1,Kyoto,135
2595,1,Kyoto,136
2596,1,Kyoto,137
2602,1,Kyoto,138
2603,1,Kyoto,139
2608,1,Kyoto,140
2624,1,Kyoto,141
2626,1,Kyoto,142
2633,1,Kyoto,143
2647,1,Kyoto,144
2659,1,Kyoto,145
2667,1,Kyoto,146
2668,1,Kyoto,147
2681,1,Kyoto,148
2694,1,Kyoto,149
2764,1,Kyoto,150
2780,1,Kyoto,151
2786,1,Kyoto,152
2811,1,Kyoto,153
2815,1,Kyoto,154
2836,1,Kyoto,155
2899,1,Kyoto,156
2955,1,Kyoto,157
2969,1,Kyoto,158
2973,1,Kyoto,159
2983,1,Kyoto,160
3000,1,Kyoto,161
3044,1,Kyoto,162
3130,1,Kyoto,163
3178,1,Kyoto,164
3210,1,Kyoto,165
3256,1,Kyoto,166
3259,1,Kyoto,167
3288,1,Kyoto,168
3350,1,Kyoto,169
3413,1,Kyoto,170
3420,1,Kyoto,171
3424,1,Kyoto,172
3435,1,Kyoto,173
3462,1,Kyoto,174
3574,1,Kyoto,175
3644,1,Kyoto,176
3686,1,Kyoto,177
3750,1,Kyoto,178
3771,1,Kyoto,179
3773,1,Kyoto,180
3878,1,Kyoto,181
3960,1,Kyoto,182
4043,1,Kyoto,183
4186,1,Kyoto,184
4208,1,Kyoto,185
4219,1,Kyoto,186
4247,1,Kyoto,187
4268,1,Kyoto,188
4270,1,Kyoto,189
4521,1,Kyoto,190
4610,1,Kyoto,191
5583,1,Kyoto,192
0,0,Doha,0
139,1,Doha,1
249,1,Doha,2
271,1,Doha,3
340,1,Doha,4
384,1,Doha,5
422,1,Doha,6
438,1,Doha,7
485,1,Doha,8
489,1,Doha,9
541,1,Doha,10
551,1,Doha,11
636,2,Doha,13
638,1,Doha,14
654,3,Doha,17
655,1,Doha,18
661,1,Doha,19
706,1,Doha,20
723,1,Doha,21
726,1,Doha,22
745,1,Doha,23
801,1,Doha,24
807,1,Doha,25
822,1,Doha,26
844,1,Doha,27
863,1,Doha,28
880,2,Doha,30
887,1,Doha,31
900,1,Doha,32
926,1,Doha,33
930,1,Doha,34
935,2,Doha,36
942,1,Doha,37
949,1,Doha,38
969,1,Doha,39
971,1,Doha,40
982,1,Doha,41
993,1,Doha,42
997,1,Doha,43
1014,1,Doha,44
1024,1,Doha,45
1025,2,Doha,47
1027,2,Doha,49
1033,1,Doha,50
1061,1,Doha,51
1067,1,Doha,52
1074,1,Doha,53
1077,1,Doha,54
1087,1,Doha,55
1088,1,Doha,56
1089,1,Doha,57
1094,1,Doha,58
1097,1,Doha,59
1160,1,Doha,60
1185,1,Doha,61
1215,1,Doha,62
1222,1,Doha,63
1229,1,Doha,64
1242,1,Doha,65
1318,1,Doha,66
1383,3,Doha,69
1385,1,Doha,70
1417,1,Doha,71
1430,1,Doha,72
1432,1,Doha,73
1452,1,Doha,74
1481,1,Doha,75
1574,1,Doha,76
1586,1,Doha,77
1664,1,Doha,78
1665,1,Doha,79
1704,1,Doha,80
1746,2,Doha,82
1748,1,Doha,83
1788,1,Doha,84
1802,4,Doha,88
1804,2,Doha,90
1805,1,Doha,91
1810,3,Doha,94
1818,1,Doha,95
1819,1,Doha,96
1839,11,Doha,107
1893,1,Doha,108
1909,1,Doha,109
1923,1,Doha,110
1972,1,Doha,111
2054,1,Doha,112
2062,1,Doha,113
2090,1,Doha,114
2104,1,Doha,115